Unesite x: Unesite n: sin(x)=0.841471
sinus(x)=0.841468
Razlika: -0.000003 (-0.00%).
